Dates	Active	Deaths	Newcases	recover
Feb 15, 2020	NA	0	0	0
Feb 16, 2020	NA	0	0	0
Feb 17, 2020	NA	0	0	0
Feb 18, 2020	NA	0	0	0
Feb 19, 2020	NA	0	0	0
Feb 20, 2020	NA	0	0	0
Feb 21, 2020	NA	0	0	0
Feb 22, 2020	NA	0	0	0
Feb 23, 2020	NA	0	0	0
Feb 24, 2020	NA	0	0	0
Feb 25, 2020	NA	0	0	0
Feb 26, 2020	NA	0	0	0
Feb 27, 2020	NA	0	0	0
Feb 28, 2020	NA	0	0	0
Feb 29, 2020	NA	0	0	0
Mar 01, 2020	NA	0	3	0
Mar 02, 2020	NA	0	1	0
Mar 03, 2020	NA	0	22	0
Mar 04, 2020	NA	0	1	0
Mar 05, 2020	NA	0	1	0
Mar 06, 2020	NA	0	3	0
Mar 07, 2020	NA	1	6	0
Mar 08, 2020	NA	1	7	1
Mar 09, 2020	NA	0	15	0
Mar 10, 2020	NA	0	0	0
Mar 11, 2020	NA	0	12	0
Mar 12, 2020	NA	1	8	6
Mar 13, 2020	NA	0	18	0
Mar 14, 2020	NA	1	14	3
Mar 15, 2020	NA	1	15	0
Mar 16, 2020	NA	0	14	1
Mar 17, 2020	NA	3	26	0
Mar 18, 2020	NA	3	25	6
Mar 19, 2020	NA	0	55	3
Mar 20, 2020	NA	2	83	0
Mar 21, 2020	NA	8	64	1
Mar 22, 2020	NA	0	103	10
Mar 23, 2020	NA	4	37	6
Mar 24, 2020	NA	3	121	3
Mar 25, 2020	NA	5	70	2
Mar 26, 2020	NA	3	160	28
Mar 27, 2020	NA	23	100	11
Mar 28, 2020	NA	14	37	11
Mar 29, 2020	NA	14	227	7
Mar 30, 2020	NA	13	146	21
Mar 31, 2020	NA	19	601	25
Apr 01, 2020	NA	18	545	43
Apr 02, 2020	NA	24	516	1
Apr 03, 2020	NA	18	529	37
Apr 04, 2020	NA	49	701	99
Apr 05, 2020	NA	22	489	47
Apr 06, 2020	NA	39	573	93
Apr 07, 2020	NA	43	565	38
Apr 08, 2020	NA	27	809	129
Apr 09, 2020	NA	35	875	139
Apr 10, 2020	NA	29	846	195
Apr 11, 2020	NA	26	759	111
Apr 12, 2020	NA	38	1248	101
Apr 13, 2020	NA	36	1034	178
Apr 14, 2020	NA	38	883	149
Apr 15, 2020	NA	33	1060	260
Apr 16, 2020	NA	53	922	273
Apr 17, 2020	NA	36	2013	422
Apr 18, 2020	NA	40	1250	391
Apr 19, 2020	NA	59	924	419
Apr 20, 2020	NA	45	1541	702
Apr 21, 2020	NA	56	1290	395
Apr 22, 2020	NA	58	1669	642
Apr 23, 2020	NA	70	1408	484
Apr 24, 2020	NA	72	1836	443
Apr 25, 2020	NA	76	1607	584
Apr 26, 2020	NA	71	1561	614
Apr 27, 2020	NA	103	1873	610
Apr 28, 2020	NA	69	1738	690
Apr 29, 2020	NA	177	1801	631
Apr 30, 2020	NA	129	2394	939
May 01, 2020	NA	93	2442	812
May 02, 2020	NA	107	2806	956
May 03, 2020	NA	97	3932	1072
May 04, 2020	NA	118	2963	1295
May 05, 2020	NA	114	3587	1189
May 06, 2020	NA	83	3364	1445
May 07, 2020	NA	123	3344	1111
May 08, 2020	NA	139	3113	1414
May 09, 2020	NA	100	4353	1668
May 10, 2020	NA	106	3607	1580
May 11, 2020	NA	121	3524	1871
May 12, 2020	NA	156	3763	1980
May 13, 2020	NA	134	3942	1569
May 14, 2020	NA	148	3787	2289
May 15, 2020	NA	134	4864	3966
May 16, 2020	NA	152	5050	2571
May 17, 2020	NA	145	4630	2438
May 18, 2020	NA	144	6147	3076
May 19, 2020	NA	158	5553	3113
May 20, 2020	NA	151	6198	3131
May 21, 2020	NA	175	6568	3271
May 22, 2020	NA	195	6629	2561
May 23, 2020	NA	179	7113	3307
May 24, 2020	NA	275	6414	3014
May 25, 2020	NA	215	5843	3571
May 26, 2020	NA	230	7293	3472
May 27, 2020	NA	206	7300	3171
May 28, 2020	NA	228	8105	11707
May 29, 2020	NA	266	8336	4309
May 30, 2020	NA	283	8782	4916
May 31, 2020	NA	293	7761	3902
Jun 01, 2020	NA	304	8821	4531
Jun 02, 2020	NA	268	9633	3786
Jun 03, 2020	NA	273	9889	4379
Jun 04, 2020	NA	253	9471	4783
Jun 05, 2020	NA	397	10438	5462
Jun 06, 2020	NA	402	10864	5153
Jun 07, 2020	NA	398	8442	5247
Jun 08, 2020	NA	316	8852	5070
Jun 09, 2020	NA	330	12375	6814
Jun 10, 2020	NA	404	11128	5993
Jun 11, 2020	NA	2048	11320	7259
Jun 12, 2020	NA	349	12023	8095
Jun 13, 2020	NA	354	11157	7363
Jun 14, 2020	NA	378	10243	10631
Jun 15, 2020	NA	314	11135	7232
Jun 16, 2020	NA	435	13103	6886
Jun 17, 2020	NA	320	13827	10744
Jun 18, 2020	NA	478	14721	9024
Jun 19, 2020	NA	433	15915	13975
Jun 20, 2020	NA	410	15183	9071
Jun 21, 2020	NA	389	13540	10885
Jun 22, 2020	NA	423	15665	10437
Jun 23, 2020	NA	395	16870	13114
Jun 24, 2020	NA	426	18185	13983
Jun 25, 2020	NA	520	18276	10246
Jun 26, 2020	NA	450	20131	14229
Jun 27, 2020	NA	389	19620	11628
Jun 28, 2020	NA	456	18339	13497
Jun 29, 2020	NA	627	18256	12565
Jun 30, 2020	NA	430	19428	12060
Jul 01, 2020	NA	488	21948	20006
Jul 02, 2020	NA	489	22721	14417
Jul 03, 2020	NA	502	24015	14743
Jul 04, 2020	NA	495	23932	15829
Jul 05, 2020	NA	532	22510	15259
Jul 06, 2020	NA	558	23135	16908
Jul 07, 2020	NA	515	25571	19496
Jul 08, 2020	NA	557	25790	19406
Jul 09, 2020	NA	609	27761	20246
Jul 10, 2020	NA	638	27755	20025
Jul 11, 2020	NA	702	29108	18198
Jul 12, 2020	NA	694	28179	17683
Jul 13, 2020	NA	556	29842	20968
Jul 14, 2020	NA	690	32682	20655
Jul 15, 2020	NA	616	35468	22867
Jul 16, 2020	NA	693	34820	17476
Jul 17, 2020	NA	1151	37407	23552
Jul 18, 2020	NA	774	40243	22769
Jul 19, 2020	NA	784	36810	24303
Jul 20, 2020	NA	713	39168	27691
Jul 21, 2020	NA	744	45599	31873
Jul 22, 2020	NA	654	48446	33327
Jul 23, 2020	NA	802	48892	32514
Jul 24, 2020	NA	798	48472	36128
Jul 25, 2020	NA	808	50525	32500
Jul 26, 2020	NA	790	46484	34454
Jul 27, 2020	NA	879	49632	35581
Jul 28, 2020	NA	781	52249	32841
Jul 29, 2020	NA	836	54966	37482
Jul 30, 2020	NA	875	57704	36554
Jul 31, 2020	NA	953	54865	51232
Aug 01, 2020	NA	931	52783	40349
Aug 02, 2020	NA	969	50629	43212
Aug 03, 2020	NA	907	51282	51220
Aug 04, 2020	NA	1042	56626	45540
Aug 05, 2020	NA	920	62170	50184
Aug 06, 2020	NA	863	61455	50285
Aug 07, 2020	NA	977	65156	52135
Aug 08, 2020	NA	1035	62117	54474
Aug 09, 2020	NA	1024	53016	47362
Aug 10, 2020	NA	981	61252	56461
Aug 11, 2020	NA	998	67066	57759
Aug 12, 2020	NA	902	64142	54776
Aug 13, 2020	NA	1125	65609	56920
Aug 14, 2020	NA	1009	63986	53116
Aug 15, 2020	NA	1007	58108	57404
Aug 16, 2020	NA	984	54288	58172
Aug 17, 2020	NA	946	65022	60455
Aug 18, 2020	NA	870	69196	59365
Aug 19, 2020	NA	883	68507	61873
Aug 20, 2020	NA	1101	69039	62858
Aug 21, 2020	NA	1046	70068	59101
Aug 22, 2020	NA	1095	61749	56896
Aug 23, 2020	NA	1050	59696	66305
Aug 24, 2020	NA	968	66873	64151
Aug 25, 2020	NA	988	75995	56191
Aug 26, 2020	NA	838	76826	59620
Aug 27, 2020	NA	1058	76665	64475
Aug 28, 2020	NA	1057	78472	64982
Aug 29, 2020	NA	1110	79457	60408
Aug 30, 2020	NA	1098	68770	64449
Aug 31, 2020	NA	1073	78169	62144
Sep 01, 2020	NA	1033	82860	67875
Sep 02, 2020	NA	1158	84156	67491
Sep 03, 2020	NA	1134	87115	69625
Sep 04, 2020	NA	1199	90600	73161
Sep 05, 2020	NA	1245	91723	69624
Sep 06, 2020	NA	1235	75022	74123
Sep 07, 2020	NA	1140	89852	74607
Sep 08, 2020	NA	1174	95529	73057
Sep 09, 2020	NA	1083	96760	70899
Sep 10, 2020	NA	1313	97654	81455
Sep 11, 2020	NA	1172	94409	77860
Sep 12, 2020	NA	1203	93215	77746
Sep 13, 2020	NA	1249	81911	79202
Sep 14, 2020	NA	1174	91120	82865
Sep 15, 2020	NA	1161	97859	82938
Sep 16, 2020	NA	1082	96793	87779
Sep 17, 2020	NA	1080	92789	95373
Sep 18, 2020	NA	1177	92755	94523
Sep 19, 2020	NA	1171	87382	92926
Sep 20, 2020	NA	1119	74493	102070
Sep 21, 2020	NA	1152	80391	87100
Sep 22, 2020	NA	1063	89688	90030
Sep 23, 2020	NA	796	85919	81141
Sep 24, 2020	NA	1203	85468	93177
Sep 25, 2020	NA	1210	89010	92520
Sep 26, 2020	NA	1121	82767	74679
Sep 27, 2020	NA	1097	69671	85206
Sep 28, 2020	NA	958	80500	86061
Sep 29, 2020	NA	922	86748	85373
Sep 30, 2020	NA	911	81693	78646
Oct 01, 2020	NA	1014	79974	76424
Oct 02, 2020	NA	985	75479	81655
Oct 03, 2020	NA	989	74767	76721
Oct 04, 2020	NA	953	59893	75657
Oct 05, 2020	NA	947	72106	82143
Oct 06, 2020	NA	830	78809	83209
Oct 07, 2020	NA	733	70824	78745
Oct 08, 2020	NA	743	73196	82298
Oct 09, 2020	NA	713	74535	89358
Oct 10, 2020	NA	856	67757	71564
Oct 11, 2020	NA	911	54265	78365
Oct 12, 2020	NA	1061	63517	73913
Oct 13, 2020	NA	595	67988	81751
Oct 14, 2020	NA	613	60439	68202
Oct 15, 2020	NA	736	65126	72976
Oct 16, 2020	NA	725	62092	72765
Oct 17, 2020	NA	703	55511	65496
Oct 18, 2020	NA	676	46498	70722
Oct 19, 2020	NA	594	54422	61933
Oct 20, 2020	NA	477	56000	79345
Oct 21, 2020	NA	522	54482	74430
Oct 22, 2020	NA	534	54028	67244
Oct 23, 2020	NA	522	50224	62154
Oct 24, 2020	NA	585	45158	58271
Oct 25, 2020	NA	567	36838	64721
Oct 26, 2020	NA	481	42965	58479
Oct 27, 2020	NA	508	49912	57757
Oct 28, 2020	NA	510	49281	56947
Oct 29, 2020	NA	526	48120	59013
Oct 30, 2020	NA	724	46715	58292
Oct 31, 2020	NA	695	46441	53702
Nov 01, 2020	NA	595	37592	58524
Nov 02, 2020	NA	574	46033	53328
Nov 03, 2020	NA	507	50465	55873
Nov 04, 2020	NA	465	47622	54133
Nov 05, 2020	NA	525	49851	53795
Nov 06, 2020	NA	564	46318	48733
Nov 07, 2020	NA	535	46661	48369
Nov 08, 2020	NA	554	37211	41546
Nov 09, 2020	NA	462	44679	54638
Nov 10, 2020	NA	447	48285	52704
Nov 11, 2020	NA	463	43861	48797
Nov 12, 2020	NA	485	45343	48122
Nov 13, 2020	NA	606	41659	42270
Nov 14, 2020	NA	604	30715	44213
Nov 15, 2020	NA	576	28555	40219
Nov 16, 2020	NA	512	38532	44844
Nov 17, 2020	NA	524	45439	48757
Nov 18, 2020	NA	494	46182	45246
Nov 19, 2020	NA	503	46288	48881
Nov 20, 2020	NA	531	45295	44142
Nov 21, 2020	NA	505	44404	41405
Nov 22, 2020	NA	500	37410	42131
Nov 23, 2020	NA	509	44276	37829
Nov 24, 2020	NA	456	44699	36582
Nov 25, 2020	NA	495	43174	39723
Nov 26, 2020	NA	513	41353	41177
Nov 27, 2020	NA	512	41815	42275
Nov 28, 2020	NA	587	39036	45152
Nov 29, 2020	NA	523	31179	42282
Nov 30, 2020	NA	493	36456	43203
Dec 01, 2020	NA	384	33761	38306
Dec 02, 2020	NA	413	38309	45580
Dec 03, 2020	NA	414	36638	42319
Dec 04, 2020	NA	347	36111	41943
Dec 05, 2020	NA	500	32272	38225
Dec 06, 2020	NA	452	27107	39474
Dec 07, 2020	NA	405	32067	37161
Dec 08, 2020	NA	349	26351	29699
Dec 09, 2020	NA	364	34666	45683
Dec 10, 2020	NA	395	30034	33604
Dec 11, 2020	NA	367	30354	33087
Dec 12, 2020	NA	354	27336	30729
Dec 13, 2020	NA	353	21791	34224
Dec 14, 2020	NA	354	26401	33961
Dec 15, 2020	NA	342	18164	33350
Dec 16, 2020	NA	313	26762	30901
Dec 17, 2020	NA	342	26991	29879
Dec 18, 2020	NA	313	26834	29758
Dec 19, 2020	NA	361	24589	25709
Dec 20, 2020	NA	258	19174	30224
Dec 21, 2020	NA	290	23886	27083
Dec 22, 2020	NA	290	24236	29364
Dec 23, 2020	NA	258	23924	25137
Dec 24, 2020	NA	293	22350	22184
Dec 25, 2020	NA	309	18574	21466
Dec 26, 2020	NA	253	20333	21097
Dec 27, 2020	NA	193	16072	24822
Dec 28, 2020	NA	274	20529	26572
Dec 29, 2020	NA	222	21957	26423
Dec 30, 2020	NA	208	19046	22024
Dec 31, 2020	NA	276	17080	20143
Jan 01, 2021	NA	231	21222	24598
Jan 02, 2021	NA	243	16660	19604
Jan 03, 2021	NA	238	16278	29209
Jan 04, 2021	NA	220	17909	21161
Jan 05, 2021	NA	155	20460	19662
Jan 06, 2021	NA	172	18106	20559
Jan 07, 2021	NA	209	18482	19213
Jan 08, 2021	NA	208	18820	19460
Jan 09, 2021	NA	194	16085	16735
Jan 10, 2021	NA	179	12482	18580
Jan 11, 2021	NA	186	15903	17747
Jan 12, 2021	NA	150	17015	17797
Jan 13, 2021	NA	141	15677	15828
Jan 14, 2021	NA	164	15151	16801
Jan 15, 2021	NA	156	15051	17301
Jan 16, 2021	NA	166	13962	14513
Jan 17, 2021	NA	159	9975	17155
Jan 18, 2021	NA	160	13795	17240
Jan 19, 2021	NA	136	15277	20071
Jan 20, 2021	NA	121	14481	17726
Jan 21, 2021	NA	131	14344	17174
Jan 22, 2021	NA	139	14891	16033
Jan 23, 2021	NA	165	13239	13148
Jan 24, 2021	NA	141	9036	16034
Jan 25, 2021	NA	133	12569	13050
Jan 26, 2021	NA	119	11752	14490
Jan 27, 2021	NA	96	18940	20344
Jan 28, 2021	NA	118	13055	14872
Jan 29, 2021	NA	111	13065	14075
Jan 30, 2021	NA	123	11528	11879
Jan 31, 2021	NA	96	8587	13462
Feb 01, 2021	NA	74	11000	14256
Feb 02, 2021	NA	88	12917	17802
Feb 03, 2021	NA	83	12410	15893
Feb 04, 2021	NA	87	11689	14389
Feb 05, 2021	NA	122	11948	11619
Feb 06, 2021	NA	87	11673	11667
Feb 07, 2021	NA	107	8947	13829
Feb 08, 2021	NA	87	10510	12699
Feb 09, 2021	NA	93	12760	12025
Feb 10, 2021	NA	78	9353	15722
Feb 11, 2021	NA	112	12137	11358
Feb 12, 2021	NA	91	12188	11079
Feb 13, 2021	NA	87	11434	9295
Feb 14, 2021	NA	120	9139	11809
Feb 15, 2021	NA	102	11795	12011
Feb 16, 2021	NA	81	12440	11803
Feb 17, 2021	NA	82	12643	10362
Feb 18, 2021	NA	103	14587	10814
Feb 19, 2021	NA	147	14315	11656
Feb 20, 2021	NA	122	13980	9476
Feb 21, 2021	NA	112	10792	13469
Feb 22, 2021	NA	120	13463	13661
Feb 23, 2021	NA	110	17144	12406
Feb 24, 2021	NA	81	16568	12209
Feb 25, 2021	NA	112	16056	12380
Feb 26, 2021	NA	88	17346	12136
Feb 27, 2021	NA	116	15616	11293
Feb 28, 2021	NA	112	11563	11990
Mar 01, 2021	NA	101	15704	13604
Mar 02, 2021	NA	102	17425	14071
Mar 03, 2021	NA	78	16824	13788
Mar 04, 2021	NA	115	18292	14153
Mar 05, 2021	NA	137	18716	14362
Mar 06, 2021	NA	115	18691	14344
Mar 07, 2021	NA	160	15353	16606
Mar 08, 2021	NA	162	16846	20138
Mar 09, 2021	NA	123	22841	18179
Mar 10, 2021	NA	133	21668	11449
Mar 11, 2021	NA	192	27512	24095
Mar 12, 2021	NA	174	25153	16508
Mar 13, 2021	NA	158	26514	17590
Mar 14, 2021	NA	194	24437	20186
Mar 15, 2021	NA	203	28869	17746
Mar 16, 2021	NA	220	35838	17793
Mar 17, 2021	NA	204	39643	20338
Mar 18, 2021	NA	284	40950	23641
Mar 19, 2021	NA	256	43815	22970
Mar 20, 2021	NA	264	47009	21205
Mar 21, 2021	NA	300	40611	29735
Mar 22, 2021	NA	319	47264	23957
Mar 23, 2021	NA	303	53419	26575
Mar 24, 2021	NA	273	59069	32912
Mar 25, 2021	NA	364	62291	30346
Mar 26, 2021	NA	468	62631	28729
Mar 27, 2021	NA	481	68206	32149
Mar 28, 2021	NA	734	56119	37102
Mar 29, 2021	NA	528	53158	41223
Mar 30, 2021	NA	490	72182	40442
Mar 31, 2021	NA	459	81441	50390
Apr 01, 2021	NA	650	89019	44176
Apr 02, 2021	NA	705	92998	60062
Apr 03, 2021	NA	826	103793	52836
Apr 04, 2021	NA	796	96557	50087
Apr 05, 2021	NA	864	115269	59714
Apr 06, 2021	NA	932	126315	59146
Apr 07, 2021	NA	908	131893	61836
Apr 08, 2021	NA	1065	144829	77199
Apr 09, 2021	NA	1081	152682	90393
Apr 10, 2021	NA	1232	169914	75380
Apr 11, 2021	NA	1384	160694	96727
Apr 12, 2021	NA	1562	185248	82248
Apr 13, 2021	NA	1688	199569	93458
Apr 14, 2021	NA	1836	216850	117832
Apr 15, 2021	NA	2114	233943	122911
Apr 16, 2021	NA	2200	260778	138205
Apr 17, 2021	NA	2361	275306	143754
Apr 18, 2021	NA	2733	256947	154372
Apr 19, 2021	NA	2895	294290	166643
Apr 20, 2021	NA	2933	315802	179543
Apr 21, 2021	NA	2890	332503	192200
Apr 22, 2021	NA	3437	345147	220513
Apr 23, 2021	NA	3808	349313	215962
Apr 24, 2021	NA	3662	354531	218559
Apr 25, 2021	NA	3677	319435	248702
Apr 26, 2021	NA	4409	362902	262362
Apr 27, 2021	NA	3817	379459	270572
Apr 28, 2021	NA	3965	386888	295489
Apr 29, 2021	NA	4449	402110	299238
Apr 30, 2021	NA	4515	392562	308769
May 01, 2021	NA	4333	370059	299966
May 02, 2021	NA	4662	355828	318965
May 03, 2021	NA	4569	382691	337697
May 04, 2021	NA	4154	412618	330676
May 05, 2021	NA	4472	414433	328334
May 06, 2021	NA	4938	401326	319675
May 07, 2021	NA	4805	409300	394413
May 08, 2021	NA	4624	366499	353768
May 09, 2021	NA	4971	329517	355941
May 10, 2021	NA	4960	348499	355443
May 11, 2021	NA	4469	362406	351786
May 12, 2021	NA	4813	343288	344931
May 13, 2021	NA	5071	326123	352956
May 14, 2021	NA	4264	310822	362715
May 15, 2021	NA	4924	281860	378571
May 16, 2021	NA	4804	263045	422394
May 17, 2021	NA	4166	267174	389700
May 18, 2021	NA	5121	276261	368980
May 19, 2021	NA	3968	259269	357218
May 20, 2021	NA	4878	254395	353116
May 21, 2021	NA	4390	243777	359506
May 22, 2021	NA	3933	222835	302396
May 23, 2021	NA	3957	195815	326841
May 24, 2021	NA	3908	208886	295539
May 25, 2021	NA	3425	211553	282715
May 26, 2021	NA	3346	179770	264312
May 27, 2021	NA	3779	171726	280626
May 28, 2021	NA	3413	174041	275868
May 29, 2021	NA	3231	153485	237709
May 30, 2021	NA	3739	126698	254975
May 31, 2021	NA	2821	133228	231488
Jun 01, 2021	NA	2589	134105	211905
Jun 02, 2021	NA	2244	131371	205911
Jun 03, 2021	NA	2340	121476	198322
Jun 04, 2021	NA	2287	114537	189481
Jun 05, 2021	NA	2111	101232	174116
Jun 06, 2021	NA	2016	87345	186072
Jun 07, 2021	NA	1914	91227	159399
Jun 08, 2021	NA	1842	93896	149027
Jun 09, 2021	NA	1519	91266	133669
Jun 10, 2021	NA	1538	84695	122794
Jun 11, 2021	NA	1475	81005	134198
Jun 12, 2021	NA	1383	68400	113091
Jun 13, 2021	NA	1798	62597	123803
Jun 14, 2021	NA	1740	62226	107854
Jun 15, 2021	NA	1598	67294	103910
Jun 16, 2021	NA	1155	62409	88477
Jun 17, 2021	NA	1488	60800	97858
Jun 18, 2021	NA	1384	58588	87568
Jun 19, 2021	NA	1385	53009	78082
Jun 20, 2021	NA	1238	39096	76662
Jun 21, 2021	NA	1313	54393	74120
Jun 22, 2021	NA	1027	54319	69298
Jun 23, 2021	NA	949	51248	63731
Jun 24, 2021	NA	853	49052	65219
Jun 25, 2021	NA	1038	49851	57776
Jun 26, 2021	NA	826	46643	58925
Jun 27, 2021	NA	827	37037	56948
Jun 28, 2021	NA	985	45699	60289
Jun 29, 2021	NA	772	48878	62025
Jun 30, 2021	NA	574	43360	54565
Jul 01, 2021	NA	967	47252	61651
Jul 02, 2021	NA	848	43296	52431
Jul 03, 2021	NA	945	40387	42817
Jul 04, 2021	NA	1253	34067	51845
Jul 05, 2021	NA	933	43957	47136
Jul 06, 2021	NA	736	45674	44498
Jul 07, 2021	NA	556	43538	44259
Jul 08, 2021	NA	637	42648	45159
Jul 09, 2021	NA	593	41475	41595
Jul 10, 2021	NA	554	37676	39722
Jul 11, 2021	NA	572	30827	48930
Jul 12, 2021	NA	527	40215	40966
Jul 13, 2021	NA	511	41854	39387
Jul 14, 2021	NA	380	39072	39823
Jul 15, 2021	NA	499	38112	43877
Jul 16, 2021	NA	520	41283	42050
Jul 17, 2021	NA	490	38325	38529
Jul 18, 2021	NA	551	29424	45369
Jul 19, 2021	NA	552	42123	36870
Jul 20, 2021	NA	419	41697	38812
Jul 21, 2021	NA	426	34865	38491
Jul 22, 2021	NA	654	39498	35134
Jul 23, 2021	NA	655	40284	40052
Jul 24, 2021	NA	559	38153	35909
Jul 25, 2021	NA	612	30844	42539
Jul 26, 2021	NA	552	42928	41452
Jul 27, 2021	NA	432	43211	38732
Jul 28, 2021	NA	428	44673	42119
Jul 29, 2021	NA	573	41499	37314
Jul 30, 2021	NA	542	41790	39318
Jul 31, 2021	NA	473	40784	36808
Aug 01, 2021	NA	630	30031	39021
Aug 02, 2021	NA	501	42566	36646
Aug 03, 2021	NA	455	42817	41875
Aug 04, 2021	NA	384	45001	40659
Aug 05, 2021	NA	477	38700	40271
Aug 06, 2021	NA	529	39070	43944
Aug 07, 2021	NA	596	36035	39825
Aug 08, 2021	NA	486	27429	41461
Aug 09, 2021	NA	501	36316	37241
Aug 10, 2021	NA	429	43641	41985
Aug 11, 2021	NA	446	40078	41709
Aug 12, 2021	NA	448	38775	36189
Aug 13, 2021	NA	521	36127	37953
Aug 14, 2021	NA	571	33221	35499
Aug 15, 2021	NA	384	24725	37301
Aug 16, 2021	NA	409	35201	37145
Aug 17, 2021	NA	393	35797	37819
Aug 18, 2021	NA	273	37312	37908
Aug 19, 2021	NA	753	34296	36254
Aug 20, 2021	NA	622	31043	38614
Aug 21, 2021	NA	503	25420	44103
Aug 22, 2021	NA	524	11385	17575
Aug 23, 2021	NA	466	51016	55948
Aug 24, 2021	NA	537	46397	34420
Aug 25, 2021	NA	211	44558	32926
Aug 26, 2021	NA	471	46805	31341
Aug 27, 2021	NA	515	45058	35815
Aug 28, 2021	NA	365	43381	34841
Aug 29, 2021	NA	348	30251	36244
Aug 30, 2021	NA	318	43072	34109
Aug 31, 2021	NA	224	45971	34775
Sep 01, 2021	NA	296	45482	34988
Sep 02, 2021	NA	376	42346	36032
Sep 03, 2021	NA	347	42924	38459
Sep 04, 2021	NA	270	39521	43917
Sep 05, 2021	NA	311	30184	42969
Sep 06, 2021	NA	346	38130	39090
Sep 07, 2021	NA	225	43406	40622
Sep 08, 2021	NA	348	24148	24109
Sep 09, 2021	NA	287	37873	36963
Sep 10, 2021	NA	440	31291	37885
Sep 11, 2021	NA	325	31374	40573
Sep 12, 2021	NA	291	24479	39943
Sep 13, 2021	NA	313	27491	37982
Sep 14, 2021	NA	303	30361	38361
Sep 15, 2021	NA	257	34649	37878
Sep 16, 2021	NA	393	35367	33850
Sep 17, 2021	NA	285	31121	39633
Sep 18, 2021	NA	326	30809	43238
Sep 19, 2021	NA	297	24925	34470
Sep 20, 2021	NA	264	27333	34148
Sep 21, 2021	NA	283	31957	31968
Sep 22, 2021	NA	183	31458	32549
Sep 23, 2021	NA	383	29580	28048
Sep 24, 2021	NA	316	28149	25990
Sep 25, 2021	NA	288	27022	29658
Sep 26, 2021	NA	239	14905	24237
Sep 27, 2021	NA	247	21901	29900
Sep 28, 2021	NA	185	23139	28728
Sep 29, 2021	NA	260	27300	28239
Sep 30, 2021	NA	291	23910	25456
Oct 01, 2021	NA	322	23161	25045
Oct 02, 2021	NA	283	21684	27619
Oct 03, 2021	NA	254	16762	29322
Oct 04, 2021	NA	219	19380	25089
Oct 05, 2021	NA	198	22617	24624
Oct 06, 2021	NA	179	21463	24958
Oct 07, 2021	NA	235	19870	23066
Oct 08, 2021	NA	255	17940	23593
Oct 09, 2021	NA	386	19018	21583
Oct 10, 2021	NA	165	13186	26572
Oct 11, 2021	NA	148	16021	22850
Oct 12, 2021	NA	167	19180	19796
Oct 13, 2021	NA	166	17004	19388
Oct 14, 2021	NA	205	16003	17868
Oct 15, 2021	NA	162	14073	19785
Oct 16, 2021	NA	238	14289	19578
Oct 17, 2021	NA	680	12338	19454
Oct 18, 2021	NA	571	14936	19451
Oct 19, 2021	NA	450	18359	17560
Oct 20, 2021	NA	365	15759	18636
Oct 21, 2021	NA	597	16331	17633
Oct 22, 2021	NA	750	16071	16500
Oct 23, 2021	NA	819	14641	18699
Oct 24, 2021	NA	562	11873	15974
Oct 25, 2021	NA	454	13508	14049
Oct 26, 2021	NA	257	16342	17047
Oct 27, 2021	NA	447	14323	13223
Oct 28, 2021	NA	301	14189	13482
Oct 29, 2021	NA	467	12958	14755
Oct 30, 2021	NA	220	12935	13170
Oct 31, 2021	NA	401	9769	14543
Nov 01, 2021	NA	529	10796	13600
Nov 02, 2021	NA	262	13965	14873
Nov 03, 2021	NA	311	12265	11357
Nov 04, 2021	NA	489	11680	13201
Nov 05, 2021	NA	370	10879	12003
Nov 06, 2021	NA	511	11648	12562
Nov 07, 2021	NA	566	7841	9749
Nov 08, 2021	NA	291	12331	12816
Nov 09, 2021	NA	127	14884	10994
Nov 10, 2021	NA	203	12516	13878
Nov 11, 2021	NA	308	11850	13155
Nov 12, 2021	NA	479	11271	12403
Nov 13, 2021	NA	468	10229	11376
Nov 14, 2021	NA	273	8865	11926
Nov 15, 2021	NA	320	10197	11971
Nov 16, 2021	NA	255	11919	12134
Nov 17, 2021	NA	242	11106	11242
Nov 18, 2021	NA	445	10302	12789
Nov 19, 2021	NA	404	10488	11787
Nov 20, 2021	NA	498	8488	12329
Nov 21, 2021	NA	474	7579	12510
Nov 22, 2021	NA	635	9283	12202
Nov 23, 2021	NA	242	9119	10949
Nov 24, 2021	NA	194	10549	10264
Nov 25, 2021	NA	273	8318	9868
Nov 26, 2021	NA	486	8774	10967
Nov 27, 2021	NA	399	8309	9481
Nov 28, 2021	NA	423	6990	9905
Nov 29, 2021	NA	378	8954	10116
Nov 30, 2021	NA	216	9765	10207
Dec 01, 2021	NA	225	9216	8548
Dec 02, 2021	NA	199	8603	8612
Dec 03, 2021	NA	160	8895	8190
Dec 04, 2021	NA	635	8306	6918
Dec 05, 2021	NA	399	6822	8834
Dec 06, 2021	NA	311	8439	10004
Dec 07, 2021	NA	207	9419	9525
Dec 08, 2021	NA	257	8503	8251
Dec 09, 2021	NA	252	7992	7678
Dec 10, 2021	NA	349	7774	9265
Dec 11, 2021	NA	397	7350	8464
Dec 12, 2021	NA	294	5784	7973
Dec 13, 2021	NA	269	6986	7995
Dec 14, 2021	NA	133	8039	8168
Dec 15, 2021	NA	460	7380	7948
Dec 16, 2021	NA	323	7145	7886
Dec 17, 2021	NA	440	7081	8706
Dec 18, 2021	NA	380	6563	7469
Dec 19, 2021	NA	393	5326	8077
Dec 20, 2021	NA	163	6317	8043
Dec 21, 2021	NA	320	7495	6906
Dec 22, 2021	NA	298	6681	6960
Dec 23, 2021	NA	307	7158	7051
Dec 24, 2021	NA	273	6987	7286
Dec 25, 2021	NA	225	6531	7091
Dec 26, 2021	NA	412	6358	7141
Dec 27, 2021	NA	289	9195	6450
Dec 28, 2021	NA	124	13154	7347
Dec 29, 2021	NA	125	16764	7486
Dec 30, 2021	NA	541	22775	7585
Dec 31, 2021	NA	331	27553	18198
Jan 01, 2022	NA	307	33750	0
Jan 02, 2022	NA	290	37379	10846
Jan 03, 2022	NA	333	58097	26396
Jan 04, 2022	NA	147	90928	20452
Jan 05, 2022	NA	282	117100	29590
Jan 06, 2022	NA	448	141986	40895
Jan 07, 2022	NA	386	159632	40863
Jan 08, 2022	NA	320	180438	46569
Jan 09, 2022	NA	436	167348	69959
Jan 10, 2022	NA	319	194720	60405
Jan 11, 2022	NA	394	247417	84825
Jan 12, 2022	NA	307	264202	109345
Jan 13, 2022	NA	448	268833	122684
Jan 14, 2022	NA	500	271202	138331
Jan 15, 2022	NA	714	258089	151740
Jan 16, 2022	NA	496	238018	157421
Jan 17, 2022	NA	518	282970	188157
Jan 18, 2022	NA	481	317532	223990
Jan 19, 2022	NA	575	347254	251777
Jan 20, 2022	NA	703	337704	242676
Jan 21, 2022	NA	584	333533	259168
Jan 22, 2022	NA	638	306064	243495
Jan 23, 2022	NA	875	255874	267753
Jan 24, 2022	NA	905	285914	299073
Jan 25, 2022	NA	955	286384	306357
Jan 26, 2022	NA	1236	251209	347443
Jan 27, 2022	NA	1755	235532	335939
Jan 28, 2022	NA	1008	234281	352784
Jan 29, 2022	NA	1118	209918	262628
Jan 30, 2022	NA	1073	167059	254076
Jan 31, 2022	NA	878	161386	281109
Feb 01, 2022	NA	910	172433	259107
Feb 02, 2022	NA	1191	149394	246674
Feb 03, 2022	NA	1249	127952	230814
Feb 04, 2022	NA	1260	107474	213246
Feb 05, 2022	NA	670	83876	199054
Feb 06, 2022	NA	816	67597	180456
Feb 07, 2022	NA	664	71365	172211
Feb 08, 2022	NA	384	67084	167882
Feb 09, 2022	NA	351	58077	150407
Feb 10, 2022	NA	522	50407	136962
Feb 11, 2022	NA	545	44877	117591
Feb 12, 2022	NA	503	34113	91930
Feb 13, 2022	NA	331	27409	82817
Feb 14, 2022	NA	684	30615	82988
Feb 15, 2022	NA	211	30757	67538
Feb 16, 2022	NA	235	25920	66254
Feb 17, 2022	NA	286	22270	60298
Feb 18, 2022	NA	307	19968	48847
Feb 19, 2022	NA	309	16051	37901
Feb 20, 2022	NA	259	13405	34226
Feb 21, 2022	NA	249	15102	31377
Feb 22, 2022	NA	88	14148	30009
Feb 23, 2022	NA	216	13166	26988
Feb 24, 2022	NA	195	11499	23598
Feb 25, 2022	NA	174	10273	20439
Feb 26, 2022	NA	206	8013	16765
Feb 27, 2022	NA	293	6915	16864
Feb 28, 2022	NA	156	7554	14123
Mar 01, 2022	NA	71	6561	14947
Mar 02, 2022	NA	109	6396	13450
Mar 03, 2022	NA	146	5921	11651
Mar 04, 2022	NA	105	5476	9754
Mar 05, 2022	NA	259	4362	9620
Mar 06, 2022	NA	89	3993	8055
Mar 07, 2022	NA	17	4575	7416
Mar 08, 2022	NA	57	4184	6554
Mar 09, 2022	NA	99	4194	6208
Mar 10, 2022	NA	99	3614	5185
Mar 11, 2022	NA	59	3116	5559
Mar 12, 2022	NA	151	2503	4377
Mar 13, 2022	NA	70	2568	4722
Mar 14, 2022	NA	130	2876	3884
Mar 15, 2022	NA	6	2539	4491
Mar 16, 2022	NA	58	2528	3997
Mar 17, 2022	NA	62	2075	3383
Mar 18, 2022	NA	67	1761	3196
Mar 19, 2022	NA	82	1549	2652
Mar 20, 2022	NA	95	1581	2741
Mar 21, 2022	NA	149	1778	2542
Mar 22, 2022	NA	32	1938	2531
Mar 23, 2022	NA	32	1685	2499
Mar 24, 2022	NA	33	1660	2349
Mar 25, 2022	NA	28	1421	1826
Mar 26, 2022	NA	52	1270	1567
Mar 27, 2022	NA	82	1259	1705
Mar 28, 2022	NA	81	1233	1876
Mar 29, 2022	NA	14	1225	1594
Mar 30, 2022	NA	58	1335	1918
Mar 31, 2022	NA	72	1260	1404
Apr 01, 2022	NA	42	1096	1447
Apr 02, 2022	NA	44	913	1316
Apr 03, 2022	NA	82	795	1280
Apr 04, 2022	NA	9	1086	1198
Apr 05, 2022	NA	27	1033	1222
Apr 06, 2022	NA	42	1109	1213
Apr 07, 2022	NA	30	1150	1194
Apr 08, 2022	NA	30	1054	1258
Apr 09, 2022	NA	40	861	929
Apr 10, 2022	NA	35	796	946
Apr 11, 2022	NA	35	1088	1081
Apr 12, 2022	NA	31	1007	818
Apr 13, 2022	NA	31	949	810
Apr 14, 2022	NA	10	975	796
Apr 15, 2022	NA	56	1150	954
Apr 16, 2022	NA	54	2183	1985
Apr 17, 2022	NA	33	1247	928
Apr 18, 2022	NA	44	2067	1547
Apr 19, 2022	NA	30	2380	1231
Apr 20, 2022	NA	0	2451	1589
Apr 21, 2022	NA	151	2527	1656
Apr 22, 2022	NA	39	2593	1755
Apr 23, 2022	NA	60	2541	1862
Apr 24, 2022	NA	50	2011	1970
Apr 25, 2022	NA	40	3569	2252
Apr 26, 2022	NA	26	3133	2563
Apr 27, 2022	NA	20	3687	2496
Apr 28, 2022	NA	31	3378	2755
Apr 29, 2022	NA	55	3324	2876
Apr 30, 2022	NA	27	3314	2723
May 01, 2022	NA	22	2664	2911
May 02, 2022	NA	40	3235	2802
May 03, 2022	NA	29	2992	3010
May 04, 2022	NA	10	3155	0
May 05, 2022	NA	54	4195	6717
May 06, 2022	NA	24	3765	3079
May 07, 2022	NA	9	2893	3410
May 08, 2022	NA	11	2288	3044
May 09, 2022	NA	13	2897	2986
May 10, 2022	NA	27	2827	3230
May 11, 2022	NA	19	3187	3295
May 12, 2022	NA	33	2512	3355
May 13, 2022	NA	10	2487	2878
May 14, 2022	NA	20	2202	2550
May 15, 2022	NA	25	1569	2467
May 16, 2022	NA	65	1829	2549
May 17, 2022	NA	46	2364	2582
May 18, 2022	NA	31	2259	2614
May 19, 2022	NA	17	2510	2346
May 20, 2022	NA	18	2039	2202
May 21, 2022	NA	14	2022	2099
May 22, 2022	NA	33	1675	1635
May 23, 2022	NA	14	2124	1977
May 24, 2022	NA	25	2628	2167
May 25, 2022	NA	19	2710	2296
May 26, 2022	NA	6	2685	2158
May 27, 2022	NA	5	2828	2035
May 28, 2022	NA	10	2706	2070
May 29, 2022	NA	16	2833	2134
May 30, 2022	NA	25	2784	2236
May 31, 2022	NA	9	4372	2584
Jun 01, 2022	NA	7	3861	2363
Jun 02, 2022	NA	7	2273	2697
Jun 03, 2022	NA	8	6208	2619
Jun 04, 2022	NA	24	3255	2779
Jun 05, 2022	NA	10	3714	2513
Jun 06, 2022	NA	4	5233	3345
Jun 07, 2022	NA	10	7240	3591
Jun 08, 2022	NA	6	9743	3791
Jun 09, 2022	NA	15	6170	4216
Jun 10, 2022	NA	11	8582	4435
Jun 11, 2022	NA	14	9987	4592
Jun 12, 2022	NA	23	4691	4035
Jun 13, 2022	NA	15	8822	5718
Jun 14, 2022	NA	18	14090	7624
Jun 15, 2022	NA	17	10970	7985
Jun 16, 2022	NA	13	13216	8148
Jun 17, 2022	NA	38	12899	8518
Jun 18, 2022	NA	13	14357	8537
Jun 19, 2022	NA	20	9796	7293
Jun 20, 2022	NA	25	13812	9862
Jun 21, 2022	NA	21	12940	10972
Jun 22, 2022	NA	27	17419	13029
Jun 23, 2022	NA	30	16048	12425
Jun 24, 2022	NA	39	10267	10917
Jun 25, 2022	NA	23	15715	15208
Jun 26, 2022	NA	29	13562	9486
Jun 27, 2022	NA	31	15825	11574
Jun 28, 2022	NA	24	15731	13827
Jun 29, 2022	NA	19	19118	14413
Jun 30, 2022	NA	28	17237	14684
Jul 01, 2022	NA	35	13910	13929
Jul 02, 2022	NA	38	16135	13958
Jul 03, 2022	NA	43	14224	12456
Jul 04, 2022	NA	42	15021	15394
Jul 05, 2022	NA	26	21075	14650
Jul 06, 2022	NA	20	18418	15899
Jul 07, 2022	NA	45	17092	16104
Jul 08, 2022	NA	38	20441	14553
Jul 09, 2022	NA	47	14494	14629
Jul 10, 2022	NA	56	13615	13265
Jul 11, 2022	NA	49	19211	15447
Jul 12, 2022	NA	51	17834	16482
Jul 13, 2022	NA	25	20038	16994
Jul 14, 2022	NA	40	20044	18301
Jul 15, 2022	NA	45	20528	17790
Jul 16, 2022	NA	60	16935	16069
Jul 17, 2022	NA	67	15528	16113
Jul 18, 2022	NA	36	20557	18517
Jul 19, 2022	NA	41	21566	18294
Jul 20, 2022	NA	36	21880	21219
Jul 21, 2022	NA	57	21411	20726
Jul 22, 2022	NA	44	20279	18143
Jul 23, 2022	NA	47	16866	18148
Jul 24, 2022	NA	54	14830	0
Jul 25, 2022	NA	45	18313	18159
Jul 26, 2022	NA	39	20557	39958
Jul 27, 2022	NA	34	20409	22697
Jul 28, 2022	NA	47	20408	20958
Jul 29, 2022	NA	53	19673	19336
Jul 30, 2022	NA	70	16464	16112
Jul 31, 2022	NA	49	13734	17897
Aug 01, 2022	NA	40	17135	19823
Aug 02, 2022	NA	41	19893	20419
Aug 03, 2022	NA	42	20551	21595
Aug 04, 2022	NA	54	19406	19928
Aug 05, 2022	NA	53	18738	18558
Aug 06, 2022	NA	49	16167	15549
Aug 07, 2022	NA	68	12751	16412
Aug 08, 2022	NA	41	16047	19539
Aug 09, 2022	NA	32	16299	19431
Aug 10, 2022	NA	29	16561	18053
Aug 11, 2022	NA	36	15815	20018
Aug 12, 2022	NA	72	14092	16454
Aug 13, 2022	NA	47	14917	14238
Aug 14, 2022	NA	36	8813	15040
Aug 15, 2022	NA	43	9062	15220
Aug 16, 2022	NA	36	12608	16251
Aug 17, 2022	NA	48	15754	15220
Aug 18, 2022	NA	36	13272	0
Aug 19, 2022	NA	36	11539	26683
Aug 20, 2022	NA	68	9531	11726
Aug 21, 2022	NA	41	8586	9680
Aug 22, 2022	NA	157	10649	10677
Aug 23, 2022	NA	45	10725	13084
Aug 24, 2022	NA	30	10256	13528
Aug 25, 2022	NA	45	9520	12875
Aug 26, 2022	NA	37	9436	9999
Aug 27, 2022	NA	21	7591	9206
Aug 28, 2022	NA	33	3948	22031
Aug 29, 2022	NA	26	9587	10828
Aug 30, 2022	NA	16	7081	9828
Aug 31, 2022	NA	23	6168	9685
Sep 01, 2022	NA	27	7219	9651
Sep 02, 2022	NA	33	6809	8414
Sep 03, 2022	NA	13	5910	7034
Sep 04, 2022	NA	36	4417	6032
Sep 05, 2022	NA	11	5379	7094
Sep 06, 2022	NA	15	6395	6614
Sep 07, 2022	NA	20	1709	0
Sep 08, 2022	NA	31	9938	13090
Sep 09, 2022	NA	34	5076	5970
Sep 10, 2022	NA	23	5221	5975
Sep 11, 2022	NA	29	4369	5178
Sep 12, 2022	NA	35	5108	5675
Sep 13, 2022	NA	18	6422	5748
Sep 14, 2022	NA	15	6298	5916
Sep 15, 2022	NA	33	5747	5618
Sep 16, 2022	NA	26	5664	4555
Sep 17, 2022	NA	20	4858	4735
Sep 18, 2022	NA	38	4043	4676
Sep 19, 2022	NA	23	4510	5640
Sep 20, 2022	NA	20	5443	5291
Sep 21, 2022	NA	32	5383	6424
Sep 22, 2022	NA	22	4912	5719
Sep 23, 2022	NA	27	4777	5196
Sep 24, 2022	NA	18	4129	4688
Sep 25, 2022	NA	26	3230	4255
Sep 26, 2022	NA	18	3615	4972
Sep 27, 2022	NA	28	4272	4474
Sep 28, 2022	NA	15	3947	5096
Sep 29, 2022	NA	17	3805	5069
Sep 30, 2022	NA	12	3375	4206
Oct 01, 2022	NA	9	3011	4301
Oct 02, 2022	NA	24	1968	3481
Oct 03, 2022	NA	21	2468	3731
Oct 04, 2022	NA	15	2529	3553
Oct 05, 2022	NA	8	1997	3908
Oct 06, 2022	NA	13	2797	3884
Oct 07, 2022	NA	12	2756	3393
Oct 08, 2022	NA	10	2424	2923
Oct 09, 2022	NA	17	1957	2654
Oct 10, 2022	NA	21	2139	3208
Oct 11, 2022	NA	10	2786	2557
Oct 12, 2022	NA	8	2678	2594
Oct 13, 2022	NA	10	2430	2378
Oct 14, 2022	NA	20	2401	2373
Oct 15, 2022	NA	10	2060	1841
Oct 16, 2022	NA	4	1542	1919
Oct 17, 2022	NA	4	1946	2417
Oct 18, 2022	NA	16	2141	2579
Oct 19, 2022	NA	3	2119	2582
Oct 20, 2022	NA	1	2112	3102
Oct 21, 2022	NA	6	1994	2601
Oct 22, 2022	NA	12	1334	1557
Oct 23, 2022	NA	9	862	1503
Oct 24, 2022	NA	8	830	1771
Oct 25, 2022	NA	8	1112	1892
Oct 26, 2022	NA	53	2208	3619
Oct 27, 2022	NA	6	1626	2161
Oct 28, 2022	NA	9	1552	2081
Oct 29, 2022	NA	18	1326	1723
Oct 30, 2022	NA	7	1046	1287
Oct 31, 2022	NA	14	1190	1190
Nov 01, 2022	NA	9	1321	1457
Nov 02, 2022	NA	0	1216	1591
Nov 03, 2022	NA	2	1082	1580
Nov 04, 2022	NA	3	1132	1479
Nov 05, 2022	NA	6	937	1252
Nov 06, 2022	NA	8	625	1119
Nov 07, 2022	NA	3	811	1271
Nov 08, 2022	NA	1	1016	1385
Nov 09, 2022	NA	1	842	1271
Nov 10, 2022	NA	2	833	1024
Nov 11, 2022	NA	11	734	977
Nov 12, 2022	NA	7	547	3385
Nov 13, 2022	NA	0	327	800
Nov 14, 2022	NA	21	493	856
Nov 15, 2022	NA	12	554	1010
Nov 16, 2022	NA	5	653	790
Nov 17, 2022	NA	5	576	0
Nov 18, 2022	NA	5	490	1572
Nov 19, 2022	NA	3	421	481
Nov 20, 2022	NA	4	349	482
Nov 21, 2022	NA	4	332	518
Nov 22, 2022	NA	2	419	568
Nov 23, 2022	NA	1	268	709
Nov 24, 2022	NA	5	498	506
Nov 25, 2022	NA	2	329	471
Nov 26, 2022	NA	2	194	429
Nov 27, 2022	NA	3	343	355
Nov 28, 2022	NA	1	209	401
Nov 29, 2022	NA	2	480	377
Nov 30, 2022	NA	3	125	368
Dec 01, 2022	NA	5	211	325
Dec 02, 2022	NA	9	264	293
Dec 03, 2022	NA	6	208	319
Dec 04, 2022	NA	1	207	251
Dec 05, 2022	NA	4	295	251
Dec 06, 2022	NA	0	119	243
Dec 07, 2022	NA	0	221	259
Dec 08, 2022	NA	0	224	390
Dec 09, 2022	NA	5	180	303
Dec 10, 2022	NA	0	161	166
Dec 11, 2022	NA	4	172	175
Dec 12, 2022	NA	5	122	151
Dec 13, 2022	NA	2	162	274
Dec 14, 2022	NA	3	161	238
Dec 15, 2022	NA	3	220	246
Dec 16, 2022	NA	1	143	227
Dec 17, 2022	NA	9	155	126
Dec 18, 2022	NA	1	137	178
Dec 19, 2022	NA	2	103	210
Dec 20, 2022	NA	2	145	190
Dec 21, 2022	NA	1	226	176
Dec 22, 2022	NA	0	188	183
Dec 23, 2022	NA	2	170	198
Dec 24, 2022	NA	1	201	190
Dec 25, 2022	NA	3	169	163
Dec 26, 2022	NA	3	215	141
Dec 27, 2022	NA	2	174	182
Dec 28, 2022	NA	0	329	185
Dec 29, 2022	NA	0	147	179
Dec 30, 2022	NA	0	151	1209
Dec 31, 2022	NA	7	341	207
Jan 01, 2023	NA	4	193	222
Jan 02, 2023	NA	2	163	187
Jan 03, 2023	NA	1	141	0
Jan 04, 2023	NA	1	202	476
Jan 05, 2023	NA	0	264	204
Jan 06, 2023	NA	0	149	247
Jan 07, 2023	NA	0	153	221
Jan 08, 2023	NA	4	185	172
Jan 09, 2023	NA	0	168	148
Jan 10, 2023	NA	0	170	0
Jan 11, 2023	NA	0	191	0
Jan 12, 2023	NA	2	0	661
Jan 13, 2023	NA	0	0	182
Jan 14, 2023	NA	0	0	144
Jan 15, 2023	NA	2	0	163
Jan 16, 2023	NA	3	0	173
Jan 17, 2023	NA	2	0	170
Jan 18, 2023	NA	2	0	161
Jan 19, 2023	NA	0	0	135
Jan 20, 2023	NA	1	37	117
Jan 21, 2023	NA	1	94	118
Jan 22, 2023	NA	0	89	0
Jan 23, 2023	NA	1	102	201
Jan 24, 2023	NA	0	132	147
Jan 25, 2023	NA	0	99	108
Jan 26, 2023	NA	0	93	147
Jan 27, 2023	NA	0	109	108
Jan 28, 2023	NA	1	80	74
Jan 29, 2023	NA	4	65	158
Jan 30, 2023	NA	0	111	83
Jan 31, 2023	NA	0	128	0
Feb 01, 2023	NA	0	99	245
Feb 02, 2023	NA	1	128	96
Feb 03, 2023	NA	2	113	88
Feb 04, 2023	NA	2	91	91
Feb 05, 2023	NA	0	89	135
Feb 06, 2023	NA	0	96	81
Feb 07, 2023	NA	3	109	111
Feb 08, 2023	NA	0	114	96
Feb 09, 2023	NA	3	132	109
Feb 10, 2023	NA	1	124	101
Feb 11, 2023	NA	0	82	85
Feb 12, 2023	NA	0	74	93
Feb 13, 2023	NA	3	102	94
Feb 14, 2023	NA	1	126	113
Feb 15, 2023	NA	0	156	129
Feb 16, 2023	NA	1	117	112
Feb 17, 2023	NA	1	142	107
Feb 18, 2023	NA	1	120	102
Feb 19, 2023	NA	0	95	90
Feb 20, 2023	NA	5	125	110
Feb 21, 2023	NA	1	193	127
Feb 22, 2023	NA	1	169	152
Feb 23, 2023	NA	1	180	106
Feb 24, 2023	NA	0	218	154
Feb 25, 2023	NA	0	185	104
Feb 26, 2023	NA	3	169	140
Feb 27, 2023	NA	0	240	161
Feb 28, 2023	NA	0	268	164
Mar 01, 2023	NA	0	283	197
Mar 02, 2023	NA	0	334	170
Mar 03, 2023	NA	1	324	219
Mar 04, 2023	NA	3	281	171
Mar 05, 2023	NA	1	266	197
Mar 06, 2023	NA	1	326	220
Mar 07, 2023	NA	1	379	277
Mar 08, 2023	NA	2	440	320
Mar 09, 2023	NA	5	456	0
Mar 10, 2023	NA	1	524	654
Mar 11, 2023	NA	5	444	252
Mar 12, 2023	NA	4	402	306
Mar 13, 2023	NA	3	618	319
Mar 14, 2023	NA	4	754	327
Mar 15, 2023	NA	2	796	388
Mar 16, 2023	NA	5	843	476
Mar 17, 2023	NA	3	1071	542
Mar 18, 2023	NA	2	918	479
Mar 19, 2023	NA	6	646	435
Mar 20, 2023	NA	7	1134	662
Mar 21, 2023	NA	6	1300	718
Mar 22, 2023	NA	4	1249	925
Mar 23, 2023	NA	7	1590	910
Mar 24, 2023	NA	14	1890	1051
Mar 25, 2023	NA	5	1805	932
Mar 26, 2023	NA	9	1573	888
Mar 27, 2023	NA	5	2151	1222
Mar 28, 2023	NA	11	3016	1396
Mar 29, 2023	NA	9	3094	1390
Mar 30, 2023	NA	15	2995	1840
Mar 31, 2023	NA	13	3824	1784
Apr 01, 2023	NA	14	3641	1800
Apr 02, 2023	NA	11	3038	2069
Apr 03, 2023	NA	11	4435	2508
Apr 04, 2023	NA	14	5335	2826
Apr 05, 2023	NA	21	6050	3320
Apr 06, 2023	NA	16	6155	3253
Apr 07, 2023	NA	19	5357	3726
Apr 08, 2023	NA	29	5880	3481
Apr 09, 2023	NA	27	5676	3761
Apr 10, 2023	NA	23	7830	4692
Apr 11, 2023	NA	27	10158	5356
Apr 12, 2023	NA	11	11109	6456
Apr 13, 2023	NA	38	10753	6628
Apr 14, 2023	NA	40	10093	6248
Apr 15, 2023	NA	28	9111	6313
Apr 16, 2023	NA	42	7633	6702
Apr 17, 2023	NA	29	10542	8175
Apr 18, 2023	NA	16	12591	10827
Apr 19, 2023	NA	24	11692	10780
Apr 20, 2023	NA	29	12193	10765
Apr 21, 2023	NA	26	10112	9833
Apr 22, 2023	NA	44	6904	9011
Apr 23, 2023	NA	40	6934	9213
Apr 24, 2023	NA	25	9629	11967
Apr 25, 2023	NA	14	9355	12932
Apr 26, 2023	NA	17	7533	11047
Apr 27, 2023	NA	20	7171	9669
Apr 28, 2023	NA	22	5874	8148
Apr 29, 2023	NA	36	4282	6037
Apr 30, 2023	NA	17	3325	6379
May 01, 2023	NA	21	3720	7698
May 02, 2023	NA	12	3962	7873
May 03, 2023	NA	15	3611	6587
May 04, 2023	NA	15	2961	6135
May 05, 2023	NA	14	2380	5188
May 06, 2023	NA	17	1839	3861
May 07, 2023	NA	14	1331	3752
May 08, 2023	NA	3	2109	3430
May 09, 2023	NA	8	1690	3469
May 10, 2023	NA	12	1580	3167
May 11, 2023	NA	4	1223	2720
May 12, 2023	NA	20	1272	2252
May 13, 2023	NA	4	801	1815
May 14, 2023	NA	6	656	2100
May 15, 2023	NA	8	1021	2661
May 16, 2023	NA	7	906	2100
May 17, 2023	NA	4	865	1948
May 18, 2023	NA	6	782	1193
May 19, 2023	NA	5	756	1308
May 20, 2023	NA	2	473	958
May 21, 2023	NA	3	405	920
May 22, 2023	NA	5	552	1059
May 23, 2023	NA	2	535	953
May 24, 2023	NA	1	490	949
May 25, 2023	NA	3	425	870
May 26, 2023	NA	2	403	685
May 27, 2023	NA	2	310	571
May 28, 2023	NA	4	224	429
May 29, 2023	NA	2	310	588
May 30, 2023	NA	2	288	583
May 31, 2023	NA	2	267	454
Jun 01, 2023	NA	0	237	467
Jun 02, 2023	NA	2	202	359
Jun 03, 2023	NA	2	174	322
Jun 04, 2023	NA	0	124	314
Jun 05, 2023	NA	3	214	384
Jun 06, 2023	NA	0	199	341
Jun 07, 2023	NA	1	169	299
Jun 08, 2023	NA	0	186	240
Jun 09, 2023	NA	1	140	188
Jun 10, 2023	NA	0	0	0
Jun 11, 2023	NA	0	0	373
Jun 12, 2023	NA	2	292	220
Jun 13, 2023	NA	1	106	186
Jun 14, 2023	NA	1	96	146
Jun 15, 2023	NA	1	108	142
Jun 16, 2023	NA	2	90	146
Jun 17, 2023	NA	2	63	77
Jun 18, 2023	NA	1	36	101
Jun 19, 2023	NA	0	92	149
Jun 20, 2023	NA	0	95	95
Jun 21, 2023	NA	0	51	121
Jun 22, 2023	NA	0	55	113
Jun 23, 2023	NA	2	80	63
Jun 24, 2023	NA	0	47	62
Jun 25, 2023	NA	1	0	0
Jun 26, 2023	NA	1	33	82
Jun 27, 2023	NA	0	112	167
Jun 28, 2023	NA	1	0	0
Jun 29, 2023	NA	2	84	119
Jun 30, 2023	NA	0	53	75
Jul 01, 2023	NA	2	0	0
Jul 02, 2023	NA	0	70	91
Jul 03, 2023	NA	1	56	69
Jul 04, 2023	NA	0	0	0
Jul 05, 2023	NA	0	87	83
Jul 06, 2023	NA	0	0	0
Jul 07, 2023	NA	0	81	81
Jul 08, 2023	NA	1	24	47
Jul 09, 2023	NA	0	20	31
Jul 10, 2023	NA	1	46	53
Jul 11, 2023	NA	0	0	0
Jul 12, 2023	NA	0	100	116
Jul 13, 2023	NA	0	54	42
Jul 14, 2023	NA	0	59	34
Jul 15, 2023	NA	0	43	34
Jul 16, 2023	NA	0	0	0
Jul 17, 2023	NA	0	0	0
Jul 18, 2023	NA	0	134	99
Jul 19, 2023	NA	0	0	0
Jul 20, 2023	NA	0	0	0
Jul 21, 2023	NA	0	0	0
Jul 22, 2023	NA	0	256	268
Jul 23, 2023	NA	0	0	0
Jul 24, 2023	NA	1	81	76
Jul 25, 2023	NA	1	42	59
Jul 26, 2023	NA	0	52	49
Jul 27, 2023	NA	0	50	49
Jul 28, 2023	NA	1	52	43
Jul 29, 2023	NA	0	41	37
Jul 30, 2023	NA	0	36	29
Jul 31, 2023	NA	0	0	0
Aug 01, 2023	NA	0	137	77
Aug 02, 2023	NA	0	0	0
Aug 03, 2023	NA	0	131	111
Aug 04, 2023	NA	2	47	48
Aug 05, 2023	NA	0	54	32
Aug 06, 2023	NA	0	0	0
Aug 07, 2023	NA	1	78	113
Aug 08, 2023	NA	0	39	71
Aug 09, 2023	NA	1	47	47
Aug 10, 2023	NA	0	38	56
Aug 11, 2023	NA	2	38	54
Aug 12, 2023	NA	0	39	37
Aug 13, 2023	NA	1	22	41
Aug 14, 2023	NA	0	58	60
Aug 15, 2023	NA	1	33	45
Aug 16, 2023	NA	0	50	45
Aug 17, 2023	NA	0	72	60
Aug 18, 2023	NA	0	51	35
Aug 19, 2023	NA	1	54	46
Aug 20, 2023	NA	1	23	28
Aug 21, 2023	NA	0	56	51
Aug 22, 2023	NA	1	54	45
Aug 23, 2023	NA	0	73	48
Aug 24, 2023	NA	0	60	64
Aug 25, 2023	NA	1	44	45
Aug 26, 2023	NA	0	70	47
Aug 27, 2023	NA	0	23	38
Aug 28, 2023	NA	0	61	48
Aug 29, 2023	NA	0	50	51
Aug 30, 2023	NA	0	0	0
Aug 31, 2023	NA	0	6	0
Sep 01, 2023	NA	0	153	1076
Sep 02, 2023	NA	0	0	0
Sep 03, 2023	NA	0	0	0
Sep 04, 2023	NA	0	140	158
Sep 05, 2023	NA	0	71	68
Sep 06, 2023	NA	0	46	55
Sep 07, 2023	NA	0	59	64
Sep 08, 2023	NA	0	68	56
Sep 09, 2023	NA	0	70	52
Sep 10, 2023	NA	0	40	42
Sep 11, 2023	NA	0	97	64
Sep 12, 2023	NA	0	58	63
Sep 13, 2023	NA	0	60	50
Sep 14, 2023	NA	0	72	59
Sep 15, 2023	NA	0	55	59
Sep 16, 2023	NA	0	55	60
Sep 17, 2023	NA	0	26	50
Sep 18, 2023	NA	0	51	90
Sep 19, 2023	NA	0	44	53
Sep 20, 2023	NA	0	55	65
Sep 21, 2023	NA	0	70	65
Sep 22, 2023	NA	0	62	59
Sep 23, 2023	NA	0	40	53
Sep 24, 2023	NA	0	38	31
Sep 25, 2023	NA	0	47	44
Sep 26, 2023	NA	0	51	41
Sep 27, 2023	NA	0	40	50
Sep 28, 2023	NA	0	41	63
Sep 29, 2023	NA	0	56	59
Sep 30, 2023	NA	0	36	45
Oct 01, 2023	NA	0	42	47
Oct 02, 2023	NA	0	38	66
Oct 03, 2023	NA	0	250	267
Oct 04, 2023	NA	0	39	55
Oct 05, 2023	NA	0	42	44
Oct 06, 2023	NA	0	43	35
Oct 07, 2023	NA	0	38	43
Oct 08, 2023	NA	0	26	52
Oct 09, 2023	NA	0	46	35
Oct 10, 2023	NA	0	0	0
Oct 11, 2023	NA	0	72	69
Oct 12, 2023	NA	0	51	41
Oct 13, 2023	NA	0	0	0
Oct 14, 2023	NA	0	0	0
Oct 15, 2023	NA	0	0	0
Oct 16, 2023	NA	0	119	172
Oct 17, 2023	NA	0	48	47
Oct 18, 2023	NA	0	37	41
Oct 19, 2023	NA	0	0	0
Oct 20, 2023	NA	2	0	0
Oct 21, 2023	NA	0	0	0
Oct 22, 2023	NA	0	1287	0
Oct 23, 2023	NA	0	0	0
Oct 24, 2023	NA	0	98	183
Oct 25, 2023	NA	0	0	0
Oct 26, 2023	NA	0	61	36
Oct 27, 2023	NA	0	0	0
Oct 28, 2023	NA	0	57	75
Oct 29, 2023	NA	0	0	0
Oct 30, 2023	NA	0	0	0
Oct 31, 2023	NA	0	0	0
Nov 01, 2023	NA	0	0	0
Nov 02, 2023	NA	0	0	0
Nov 03, 2023	NA	2	0	0
Nov 04, 2023	NA	0	0	0
Nov 05, 2023	NA	0	0	0
Nov 06, 2023	NA	0	0	0
Nov 07, 2023	NA	0	140	218
Nov 08, 2023	NA	0	0	0
Nov 09, 2023	NA	0	0	0
Nov 10, 2023	NA	0	0	0
Nov 11, 2023	NA	0	56	84
Nov 12, 2023	NA	0	0	0
Nov 13, 2023	NA	0	28	24
Nov 14, 2023	NA	0	18	12
Nov 15, 2023	NA	0	26	0
Nov 16, 2023	NA	0	0	0
Nov 17, 2023	NA	0	0	0
Nov 18, 2023	NA	2	57	55
Nov 19, 2023	NA	0	13	14
Nov 20, 2023	NA	0	0	0
Nov 21, 2023	NA	1	49	27
Nov 22, 2023	NA	0	36	26
Nov 23, 2023	NA	0	42	16
Nov 24, 2023	NA	0	0	0
Nov 25, 2023	NA	0	52	41
Nov 26, 2023	NA	0	22	16
Nov 27, 2023	NA	0	0	0
Nov 28, 2023	NA	0	137	76
Nov 29, 2023	NA	3	71	37
Nov 30, 2023	NA	0	0	0
Dec 01, 2023	NA	4	0	0
Dec 02, 2023	NA	0	0	0
Dec 03, 2023	NA	0	306	143
Dec 04, 2023	NA	0	0	0
Dec 05, 2023	NA	0	240	115
Dec 06, 2023	NA	2	0	0
Dec 07, 2023	NA	0	0	0
Dec 08, 2023	NA	2	0	0
Dec 09, 2023	NA	0	0	0
Dec 10, 2023	NA	0	780	398
Dec 11, 2023	NA	0	0	0
Dec 12, 2023	NA	0	489	315
Dec 13, 2023	NA	0	0	0
Dec 14, 2023	NA	0	0	0
Dec 15, 2023	NA	0	0	0
Dec 16, 2023	NA	0	0	0
Dec 17, 2023	NA	19	0	0
Dec 18, 2023	NA	4	0	0
Dec 19, 2023	NA	1	0	0
Dec 20, 2023	NA	0	0	0
Dec 21, 2023	NA	4	3382	1551
Dec 22, 2023	NA	3	752	325
Dec 23, 2023	NA	6	656	333
Dec 24, 2023	NA	5	0	0
Dec 25, 2023	NA	7	1040	608
Dec 26, 2023	NA	3	529	0
Dec 27, 2023	NA	3	702	0
Dec 28, 2023	NA	2	797	0
Dec 29, 2023	NA	5	743	2923
Dec 30, 2023	NA	2	841	526
Dec 31, 2023	NA	12	636	548
Jan 01, 2024	NA	2	573	400
Jan 02, 2024	NA	5	602	722
Jan 03, 2024	NA	4	760	775
Jan 04, 2024	NA	6	761	838
Jan 05, 2024	NA	4	774	919
Jan 06, 2024	NA	3	756	889
Jan 07, 2024	NA	3	605	731
Jan 08, 2024	NA	0	475	469
Jan 09, 2024	NA	2	605	1098
Jan 10, 2024	NA	0	514	511
Jan 11, 2024	NA	3	609	660
Jan 12, 2024	NA	3	441	571
Jan 13, 2024	NA	3	375	536
Jan 14, 2024	NA	2	272	357
Jan 15, 2024	NA	3	189	372
Jan 16, 2024	NA	6	269	514
Jan 17, 2024	NA	2	305	419
Jan 18, 2024	NA	3	355	461
Jan 19, 2024	NA	2	313	600
Jan 20, 2024	NA	1	290	266
Jan 21, 2024	NA	1	203	226
Jan 22, 2024	NA	1	236	236
Jan 23, 2024	NA	1	160	303
Jan 24, 2024	NA	0	198	319
Jan 25, 2024	NA	0	187	276
Jan 26, 2024	NA	2	159	209
Jan 27, 2024	NA	1	182	279
Jan 28, 2024	NA	3	112	177
Jan 29, 2024	NA	0	124	169
Jan 30, 2024	NA	3	133	157
Jan 31, 2024	NA	0	160	210
Feb 01, 2024	NA	1	187	141
Feb 02, 2024	NA	2	0	0
Feb 03, 2024	NA	1	347	252
Feb 04, 2024	NA	0	122	73
Feb 05, 2024	NA	3	124	137
Feb 06, 2024	NA	1	157	167
Feb 07, 2024	NA	0	211	228
Feb 08, 2024	NA	4	0	0
Feb 09, 2024	NA	1	22	623
Feb 10, 2024	NA	1	376	379
Feb 11, 2024	NA	2	74	73
Feb 12, 2024	NA	2	123	114
Feb 13, 2024	NA	0	120	149
Feb 14, 2024	NA	0	120	148
Feb 15, 2024	NA	1	166	122
Feb 16, 2024	NA	2	144	161
Feb 17, 2024	NA	1	155	128
Feb 18, 2024	NA	0	110	84
Feb 19, 2024	NA	1	105	122
Feb 20, 2024	NA	1	161	155
Feb 21, 2024	NA	0	136	159
Feb 22, 2024	NA	6	0	0
Feb 23, 2024	NA	1	322	294
Feb 24, 2024	NA	4	148	132
Feb 25, 2024	NA	2	0	0
Feb 26, 2024	NA	0	239	196
Feb 27, 2024	NA	4	181	200
Feb 28, 2024	NA	1	193	151
Feb 29, 2024	NA	3	204	153
Mar 01, 2024	NA	0	182	133
Mar 02, 2024	NA	0	178	141
Mar 03, 2024	NA	0	120	92
Mar 04, 2024	NA	0	135	189
Mar 05, 2024	NA	11	0	0
Mar 06, 2024	NA	0	0	0
Mar 07, 2024	NA	0	0	0
Mar 08, 2024	NA	2	0	0
Mar 09, 2024	NA	1	947	862
Mar 10, 2024	NA	0	148	117
Mar 11, 2024	NA	0	138	220
Mar 12, 2024	NA	8	197	213
Mar 13, 2024	NA	2	199	219
Mar 14, 2024	NA	2	0	0
Mar 15, 2024	NA	0	0	0
Mar 16, 2024	NA	8	559	452
Mar 17, 2024	NA	2	129	95
Mar 18, 2024	NA	2	86	143
Mar 19, 2024	NA	2	0	0
Mar 20, 2024	NA	1	331	430
Mar 21, 2024	NA	0	131	139
Mar 22, 2024	NA	0	180	180
Mar 23, 2024	NA	3	132	204
Mar 24, 2024	NA	4	121	112
Mar 25, 2024	NA	0	57	85
Mar 26, 2024	NA	0	71	124
Mar 27, 2024	NA	0	129	155
Mar 28, 2024	NA	0	114	127
Mar 29, 2024	NA	0	0	0
Mar 30, 2024	NA	0	0	0
Mar 31, 2024	NA	0	0	0
Apr 01, 2024	NA	0	0	0
Apr 02, 2024	NA	NA	0	0
Apr 03, 2024	NA	NA	0	0
Apr 04, 2024	NA	NA	0	0
Apr 05, 2024	NA	NA	0	0
Apr 06, 2024	NA	NA	NA	NA
